lastAccountName: MythTrust
timestamps:
  login: 1574332728449
  lastteleport: 1574320030557
  logout: 1574332732585
ipAddress: 203.220.56.213
homes:
  home:
    world: world
    x: -81.548152692426
    y: 80.0
    z: 2.6561941075656206
    yaw: -33.82793
    pitch: 35.399296
lastlocation:
  world: world
  x: 80.41220053507092
  y: 63.0
  z: -11.992768444869826
  yaw: -53.100075
  pitch: 17.549984
afk: false
logoutlocation:
  world: world
  x: -9.788520911181104
  y: 79.0
  z: -70.49755400999346
  yaw: -96.093605
  pitch: 28.950006
